2.02866	2613.64
4.11034	1104.85
6.17501	651.275
8.23061	439.838
10.211	315.591
12.3664	247.844
14.2782	197.647
16.2888	162.439
18.3629	131.521
20.4523	113.093
22.5085	98.7275
24.4795	83.6416
26.621	73.0225
28.6043	65.7017
30.3732	57.3692
32.6373	50.8479
34.6516	46.4463
36.7901	42.4258
38.596	39.343
40.492	35.9402
42.4795	33.3287
44.5663	30.446
46.752	28.6611
48.4669	26.1842
50.2389	25.0243
54.6297	22.5137
58.702	19.9545
63.0704	18.5017
66.9629	16.9001
71.0957	15.4372
74.5824	14.5322
79.1823	13.4752
83.0657	12.6853
87.1361	12.1224
91.4059	11.5845
94.7479	11.0713
99.3907	10.58
103.029	9.96057
106.791	9.66344
113.373	9.09623
123.272	8.4333
132.441	7.93767
143.999	7.47059
158.457	6.82232
176.453	6.32413
194.163	5.86278
211.107	5.51779
232.286	5.1927
255.579	4.96074
284.582	4.73877
316.865	4.59527
352.824	4.38965
397.564	4.25639
447.993	4.06562
504.801	3.9422
568.789	3.88038
625.801	3.76317
705.127	3.70416
794.509	3.64608
884.604	3.58919
984.914	3.53319
1123.08	3.47752
1296	3.42246
1495.49	3.41927
1746.39	3.41581
1991.38	3.36199
2217.11	3.35963
2468.42	3.35728
