2.02669	3805.22
4.10538	1760.31
6.16781	1022.18
8.1235	690.38
10.1991	495.321
12.2055	389.021
14.2632	296.536
16.273	236.496
18.3421	203.344
20.4316	167.147
22.4883	139.483
24.4547	123.618
26.592	111.216
28.5765	95.6558
30.7031	88.6914
32.6005	78.6157
34.6111	72.8976
36.7501	64.6161
38.5524	60.8281
40.4479	54.7383
42.4316	51.5293
45.0485	47.7813
47.2615	43.6486
50.7786	40.4707
54.566	35.3353
58.6335	31.3187
62.9968	29.0385
66.8796	27.334
70.165	24.9698
74.4954	22.8083
79.0868	21.4696
83.9645	19.908
90.22	17.9121
100.474	16.1126
111.898	14.2777
127.63	12.6497
145.58	11.0403
170.077	9.34894
189.407	8.4097
218.638	7.33916
255.4	6.50135
291.296	5.84728
328.259	5.50192
369.926	5.09975
432.057	4.79742
504.624	4.51301
589.378	4.24547
656.211	4.17923
739.421	4.05235
853.302	3.92872
996.503	3.86621
1136.34	3.74855
1295.75	3.68948
1495.31	3.57692
1684.86	3.52083
1921.21	3.46536
2216.94	3.46212
2497.95	3.40784
